  1 8 . Simulated microsats 
20 First population 
ind 1     82.82 82.80 79.80 77.77 83.83 82.82 81.81 82.82 
ind 2     82.82 81.78 81.81 77.77 83.83 82.82 81.84 81.79 
ind 3     82.82 79.81 81.81 77.78 83.83 82.82 84.84 80.80 
ind 4     82.87 85.84 81.81 79.77 83.83 82.82 84.84 80.80 
ind 5     87.86 81.81 83.78 77.78 84.83 82.82 86.85 82.81 
ind 6     86.86 81.81 81.81 78.78 84.83 81.81 85.84 81.81 
ind 7     86.86 81.82 82.82 78.78 83.83 81.81 83.83 80.81 
ind 8     86.90 82.82 82.82 79.79 84.83 81.81 83.83 81.81 
ind 9     90.90 82.82 80.80 78.77 84.83 81.81 83.83 82.82 
ind 10    85.84 82.82 80.80 77.77 83.83 80.81 83.82 77.79 
ind 11    86.84 82.82 80.80 81.79 83.83 81.80 82.82 79.79 
ind 12    85.86 82.81 80.79 77.78 83.84 79.79 81.81 79.79 
ind 13    86.86 81.83 79.79 78.79 83.83 79.79 81.82 79.79 
ind 14    86.86 82.82 81.79 79.78 83.83 79.74 80.80 79.79 
ind 15    87.87 82.82 81.80 78.77 83.83 74.74 80.80 78.78 
ind 16    87.86 82.82 81.80 78.78 83.83 74.73 80.82 78.79 
ind 17    86.87 82.82 80.80 78.78 77.77 74.74 82.80 79.79 
ind 18    87.88 81.82 80.80 78.78 77.77 82.82 80.79 79.79 
ind 19    88.88 82.82 80.80 78.78 77.80 82.81 81.80 79.79 
ind 20    88.88 82.82 80.80 79.80 80.81 80.80 80.80 80.80 
