  2 8 . Simulated microsats 
10 Population 1 
ind_1     79.80 80.81 81.78 82.81 80.79 77.78 78.79 77.79 
ind_2     79.79 80.80 81.80 78.81 80.80 78.79 78.80 78.78 
ind_3     78.81 80.79 83.81 81.81 80.79 78.80 80.80 77.77 
ind_4     80.78 80.80 84.83 81.77 80.80 78.80 80.81 77.78 
ind_5     78.80 80.80 80.81 81.81 80.80 79.78 80.81 77.77 
ind_6     79.81 78.80 79.80 81.81 79.80 79.80 80.78 78.78 
ind_7     79.78 80.80 81.81 81.81 79.80 77.78 81.79 79.77 
ind_8     81.78 80.78 83.81 78.81 80.80 78.79 79.79 79.77 
ind_9     81.78 80.80 82.82 81.78 80.80 78.79 80.80 77.77 
ind_10    79.78 80.79 79.79 81.78 81.80 78.78 80.80 77.77 
10 Population 2 
ind_11    80.83 80.80 80.83 81.81 80.79 78.78 78.80 77.78 
ind_12    81.80 80.79 84.81 81.81 79.79 78.80 79.80 79.77 
ind_13    81.80 80.80 81.81 81.81 80.81 80.78 81.81 78.78 
ind_14    82.80 80.79 79.80 79.80 80.81 78.78 80.81 78.78 
ind_15    82.82 80.80 82.81 81.81 80.80 80.78 78.78 78.79 
ind_16    82.79 80.80 82.82 80.78 80.80 78.80 80.81 79.77 
ind_17    81.78 80.79 80.81 80.81 80.79 80.78 80.80 79.77 
ind_18    80.80 80.80 83.81 81.78 80.80 79.78 80.78 77.78 
ind_19    79.80 78.80 80.81 81.81 80.80 78.80 80.82 78.78 
ind_20    82.80 80.80 82.79 81.79 79.80 81.78 80.78 78.78 
